Chrom.1		Chrom.1		Chrom.1		Chrom.1		Chrom.1		Chrom.1	
UV		Cond		Conc B		Injection		Run Log		UV_CUT_TEMP@100,BASEM	
ml	mAU	ml	mS/cm	ml	%	ml	Injection	ml	Logbook	ml	mAU
-0.007176	0.000238	-0.007176	5.586215	-0.007176	0	0.0003	""	-0.007176	"Method Settings"	0	0.6564
-0.006428	0.650359	-0.005677	5.593961	0.000454	0			-0.007087	"Sample Application"	0.000748	0.65682
-0.005681	0.651201	-0.004178	5.594191	0.008083	0					0.001495	0.657194
-0.004933	0.65138	-0.002678	5.59435	0.015713	0					0.002243	0.657544
-0.004186	0.652427	-0.001179	5.594516	0.023343	0					0.00299	0.657753
-0.003438	0.653629	0.00032	5.594733	0.030972	0					0.003738	0.658765
-0.002691	0.654331	0.001819	5.594919	0.038602	0					0.004485	0.659317
-0.001943	0.654491	0.003318	5.595156	0.046231	0					0.005233	0.659967
-0.001195	0.654893	0.004817	5.595219	0.053861	0					0.00598	0.660567
-0.000448	0.655677	0.006316	5.595305	0.061491	0					0.006728	0.661471
0.0003	0.6564	0.007815	5.595451	0.06912	0					0.007476	0.662785
0.001047	0.65682	0.009315	5.595675	0.07675	0					0.008223	0.66408
0.001795	0.657194	0.010814	5.595871	0.084379	0					0.008971	0.664775
0.002542	0.657544	0.012313	5.59584	0.092009	0					0.009718	0.66547
0.00329	0.657753	0.013812	5.595293	0.099639	0					0.010466	0.666165
0.004037	0.658765	0.015311	5.593946	0.107268	0					0.011213	0.66686
0.004785	0.659317	0.01681	5.591776	0.114898	0					0.011961	0.667556
0.005533	0.659967	0.018309	5.589213	0.122527	0					0.012708	0.668251
0.00628	0.660567	0.019808	5.587338	0.130157	0					0.013456	0.668946
0.007028	0.661471	0.021308	5.58645	0.137786	0					0.014204	0.669641
0.007775	0.662785	0.022807	5.586181	0.145416	0					0.014951	0.670336
0.008523	0.664265	0.024306	5.586222	0.153046	0					0.015699	0.671054
0.00927	0.665864	0.025805	5.586485	0.160675	0					0.016446	0.671771
0.010018	0.667508	0.027304	5.586953	0.168305	0					0.017194	0.672489
0.010765	0.669866	0.028803	5.587506	0.175934	0					0.017941	0.673206
0.011513	0.672745	0.030302	5.588015	0.183564	0					0.018689	0.673923
0.012261	0.674734	0.031801	5.588579	0.191194	0					0.019436	0.674641
0.013008	0.67715	0.033301	5.589053	0.198823	0					0.020184	0.675358
0.013756	0.679905	0.0348	5.589442	0.206453	0					0.020931	0.676076
0.014503	0.683248	0.036299	5.589795	0.214082	0					0.021679	0.676793
0.015251	0.688044	0.037798	5.590048	0.221712	0					0.022427	0.677511
0.015998	0.693873	0.039297	5.59024	0.229342	0					0.023174	0.678204
0.016746	0.699054	0.040796	5.590375	0.236971	0					0.023922	0.678897
0.017493	0.704364	0.042295	5.590448	0.244601	0					0.024669	0.67959
0.018241	0.710468	0.043794	5.590466	0.25223	0					0.025417	0.680283
0.018989	0.717137	0.045294	5.590428	0.25986	0					0.026164	0.680977
0.019736	0.724049	0.046793	5.590382	0.26749	0					0.026912	0.68167
0.020484	0.731736	0.048292	5.590178							0.027659	0.682363
0.021231	0.740668	0.049791	5.589902							0.028407	0.683056
0.021979	0.750162	0.05129	5.589606							0.029155	0.683749
0.022726	0.760161	0.052789	5.58929							0.029902	0.684442
0.023474	0.770732	0.054288	5.588943							0.03065	0.685124
0.024221	0.781128	0.055787	5.588547							0.031397	0.685806
0.024969	0.791579	0.057287	5.58813							0.032145	0.686488
0.025716	0.802424	0.058786	5.587722							0.032892	0.68717
0.026464	0.814175	0.060285	5.587252							0.03364	0.687852
0.027212	0.826408	0.061784	5.586822							0.034387	0.688534
0.027959	0.838375	0.063283	5.58637							0.035135	0.689216
0.028707	0.85061	0.064782	5.585862							0.035883	0.689898
0.029454	0.863927	0.066281	5.585401							0.03663	0.69058
0.030202	0.876932	0.06778	5.584994							0.037378	0.691261
0.030949	0.889346	0.06928	5.584559							0.038125	0.691994
0.031697	0.901502	0.070779	5.584101							0.038873	0.692726
0.032444	0.913511	0.072278	5.583632							0.03962	0.693458
0.033192	0.926832	0.073777	5.583119							0.040368	0.69419
0.03394	0.940172	0.075276	5.582571							0.041115	0.694922
0.034687	0.953444	0.076775	5.581997							0.041863	0.695655
0.035435	0.966877	0.078274	5.581368							0.042611	0.696387
0.036182	0.980204	0.079773	5.580792							0.043358	0.697119
0.03693	0.992878	0.081273	5.580289							0.044106	0.697851
0.037677	1.004869	0.082772	5.579879							0.044853	0.698583
0.038425	1.017068	0.084271	5.579511							0.045601	0.699263
0.039172	1.030028	0.08577	5.579153							0.046348	0.699943
0.03992	1.043957	0.087269	5.57883							0.047096	0.700623
0.040668	1.05698	0.088768	5.578567							0.047843	0.701303
0.041415	1.0695	0.090267	5.578338							0.048591	0.701983
0.042163	1.082073	0.091766	5.578091							0.049339	0.702663
0.04291	1.09466	0.093266	5.577839							0.050086	0.703343
0.043658	1.107455	0.094765	5.577566							0.050834	0.704023
0.044405	1.120928	0.096264	5.577206							0.051581	0.704703
0.045153	1.134342	0.097763	5.576569							0.052329	0.705383
0.0459	1.147937	0.099262	5.575712							0.053076	0.706085
0.046648	1.162725	0.100761	5.574763							0.053824	0.706786
0.047396	1.176676	0.10226	5.573795							0.054571	0.707488
0.048143	1.189804	0.103759	5.572838							0.055319	0.70819
0.048891	1.203318	0.105259	5.571881							0.056066	0.708892
0.049638	1.21667	0.106758	5.570698							0.056814	0.709593
0.050386	1.229903	0.108257	5.568924							0.057562	0.710295
0.051133	1.243874	0.109756	5.566116							0.058309	0.710997
0.051881	1.258191	0.111255	5.562071							0.059057	0.711698
0.052628	1.270949	0.112754	5.556784							0.059804	0.7124
0.053376	1.283568	0.114253	5.550421							0.060552	0.713111
0.054124	1.296478	0.115752	5.543187							0.061299	0.713822
0.054871	1.307846	0.117252	5.535376							0.062047	0.714534
0.055619	1.318752	0.118751	5.52733							0.062794	0.715245
0.056366	1.32882	0.12025	5.519384							0.063542	0.715956
0.057114	1.337252	0.121749	5.511972							0.06429	0.716667
0.057861	1.344725	0.123248	5.505309							0.065037	0.717378
0.058609	1.351948	0.124747	5.499747							0.065785	0.718089
0.059356	1.357788	0.126246	5.495145							0.066532	0.7188
0.060104	1.363154	0.127745	5.491394							0.06728	0.719511
0.060851	1.367885	0.129245	5.488503							0.068027	0.720222
0.061599	1.371773	0.130744	5.486372							0.068775	0.720933
0.062347	1.375167	0.132243	5.484773							0.069522	0.721644
0.063094	1.377562	0.133742	5.483562							0.07027	0.722355
0.063842	1.379835	0.135241	5.482718							0.071018	0.723066
0.064589	1.382676	0.13674	5.482156							0.071765	0.723777
0.065337	1.38574	0.138239	5.481846							0.072513	0.724488
0.066084	1.389281	0.139738	5.481644							0.07326	0.725199
0.066832	1.395429	0.141238	5.481555							0.074008	0.72591
0.067579	1.402892	0.142737	5.481475							0.074755	0.726621
0.068327	1.411982	0.144236	5.481412							0.075503	0.727325
0.069075	1.42292	0.145735	5.481324							0.07625	0.728028
0.069822	1.437174	0.147234	5.481179							0.076998	0.728732
0.07057	1.454854	0.148733	5.48104							0.077746	0.729435
0.071317	1.475907	0.150232	5.480873							0.078493	0.730138
0.072065	1.500907	0.151731	5.480655							0.079241	0.730842
0.072812	1.531095	0.153231	5.480426							0.079988	0.731545
0.07356	1.567596	0.15473	5.480126							0.080736	0.732248
0.074307	1.610556	0.156229	5.479817							0.081483	0.732952
0.075055	1.657456	0.157728	5.479494							0.082231	0.733655
0.075803	1.707471	0.159227	5.479164							0.082978	0.734399
0.07655	1.757834	0.160726	5.478866							0.083726	0.735143
0.077298	1.810639	0.162225	5.47859							0.084474	0.735887
0.078045	1.865845	0.163724	5.478299							0.085221	0.736631
0.078793	1.921857	0.165224	5.478021							0.085969	0.737374
0.07954	1.977032	0.166723	5.477769							0.086716	0.738118
0.080288	2.030982	0.168222	5.477565							0.087464	0.738862
0.081035	2.08373	0.169721	5.477316							0.088211	0.739606
0.081783	2.134223	0.17122	5.47712							0.088959	0.74035
0.082531	2.183704	0.172719	5.47695							0.089706	0.741094
0.083278	2.229917	0.174218	5.47681							0.090454	0.741764
0.084026	2.273563	0.175717	5.476719							0.091202	0.742435
0.084773	2.315317	0.177217	5.476696							0.091949	0.743105
0.085521	2.35461	0.178716	5.476741							0.092697	0.743776
0.086268	2.391343	0.180215	5.476839							0.093444	0.744446
0.087016	2.426797	0.181714	5.476964							0.094192	0.745117
0.087763	2.461813	0.183213	5.477127							0.094939	0.745788
0.088511	2.494797	0.184712	5.477341							0.095687	0.746458
0.089259	2.527358	0.186211	5.477606							0.096434	0.747129
0.090006	2.557797	0.18771	5.477903							0.097182	0.747799
0.090754	2.583372	0.18921	5.47825							0.097929	0.748499
0.091501	2.607235	0.190709	5.478631							0.098677	0.749199
0.092249	2.629312	0.192208	5.479023							0.099425	0.749898
0.092996	2.649552	0.193707	5.479454							0.100172	0.750598
0.093744	2.668298	0.195206	5.479896							0.10092	0.751298
0.094491	2.685804	0.196705	5.480414							0.101667	0.751997
0.095239	2.702217	0.198204	5.480933							0.102415	0.752697
0.095986	2.718004	0.199703	5.481515							0.103162	0.753397
0.096734	2.733642	0.201203	5.482109							0.10391	0.754096
0.097482	2.747234	0.202702	5.482734							0.104657	0.754796
0.098229	2.761107	0.204201	5.483416							0.105405	0.755516
0.098977	2.775023	0.2057	5.484144							0.106153	0.756237
0.099724	2.787851	0.207199	5.484872							0.1069	0.756957
0.100472	2.799991	0.208698	5.48559							0.107648	0.757677
0.101219	2.811675	0.210197	5.486379							0.108395	0.758398
0.101967	2.822931	0.211696	5.487193							0.109143	0.759118
0.102714	2.834286	0.213196	5.487947							0.10989	0.759839
0.103462	2.846218	0.214695	5.48871							0.110638	0.760559
0.10421	2.856664	0.216194	5.48953							0.111385	0.76128
0.104957	2.865618	0.217693	5.490385							0.112133	0.762
0.105705	2.87365	0.219192	5.491205							0.112881	0.762732
0.106452	2.880016	0.220691	5.491996							0.113628	0.763465
0.1072	2.884594	0.22219	5.492808							0.114376	0.764197
0.107947	2.886929	0.223689	5.493658							0.115123	0.764929
0.108695	2.887325	0.225189	5.494531							0.115871	0.765662
0.109442	2.885446	0.226688	5.495455							0.116618	0.766394
0.11019	2.880332	0.228187	5.496421							0.117366	0.767127
0.110938	2.872092	0.229686	5.497361							0.118113	0.767859
0.111685	2.860785	0.231185	5.498254							0.118861	0.768591
0.112433	2.84487	0.232684	5.499196							0.119609	0.769324
0.11318	2.824329	0.234183	5.500127							0.120356	0.770016
0.113928	2.799697	0.235683	5.501019							0.121104	0.770708
0.114675	2.768796	0.237182	5.501877							0.121851	0.7714
0.115423	2.73097	0.238681	5.50272							0.122599	0.772093
0.11617	2.687765	0.24018	5.503587							0.123346	0.772785
0.116918	2.640447	0.241679	5.504508							0.124094	0.773477
0.117666	2.589537	0.243178	5.505426							0.124841	0.774169
0.118413	2.535927	0.244677	5.506331							0.125589	0.774861
0.119161	2.479578	0.246176	5.507202							0.126337	0.775553
0.119908	2.423624	0.247676	5.508078							0.127084	0.776246
0.120656	2.366718	0.249175	5.50896							0.127832	0.776897
0.121403	2.311251	0.250674	5.509829							0.128579	0.777549
0.122151	2.256885	0.252173	5.510697							0.129327	0.7782
0.122898	2.203183	0.253672	5.5116							0.130074	0.778852
0.123646	2.150782	0.255171	5.512476							0.130822	0.779503
0.124394	2.100925	0.25667	5.513297							0.131569	0.780155
0.125141	2.054237	0.258169	5.51418							0.132317	0.780807
0.125889	2.010116	0.259669	5.515005							0.133064	0.781458
0.126636	1.967459	0.261168	5.515819							0.133812	0.78211
0.127384	1.92724	0.262667	5.516585							0.13456	0.782761
0.128131	1.889364	0.264166	5.517358							0.135307	0.783526
0.128879	1.850982	0.265665	5.518136							0.136055	0.78429
0.129626	1.814618	0.267164	5.518895							0.136802	0.785054
0.130374	1.781084	0.268663	5.519675							0.13755	0.785818
0.131122	1.749523	0.270162	5.520497							0.138297	0.786582
0.131869	1.718846	0.271662	5.521311							0.139045	0.787346
0.132617	1.689765									0.139792	0.78811
0.133364	1.661731									0.14054	0.788874
0.134112	1.634841									0.141288	0.789638
0.134859	1.608355									0.142035	0.790403
0.135607	1.583518									0.142783	0.791105
0.136354	1.560074									0.14353	0.791807
0.137102	1.537158									0.144278	0.792509
0.137849	1.514841									0.145025	0.793212
0.138597	1.49428									0.145773	0.793914
0.139345	1.476112									0.14652	0.794616
0.140092	1.458029									0.147268	0.795319
0.14084	1.440461									0.148016	0.796021
0.141587	1.423517									0.148763	0.796723
0.142335	1.407829									0.149511	0.797426
0.143082	1.39327									0.150258	0.798133
0.14383	1.379516									0.151006	0.79884
0.144577	1.365263									0.151753	0.799548
0.145325	1.350749									0.152501	0.800255
0.146073	1.338045									0.153248	0.800963
0.14682	1.326701									0.153996	0.80167
0.147568	1.315381									0.154744	0.802377
0.148315	1.303663									0.155491	0.803085
0.149063	1.292337									0.156239	0.803792
0.14981	1.281377									0.156986	0.8045
0.150558	1.270745									0.157734	0.805198
0.151305	1.26016									0.158481	0.805896
0.152053	1.250728									0.159229	0.806594
0.152801	1.242336									0.159976	0.807292
0.153548	1.233163									0.160724	0.80799
0.154296	1.224055									0.161472	0.808688
0.155043	1.216476									0.162219	0.809386
0.155791	1.207758									0.162967	0.810084
0.156538	1.20038									0.163714	0.810782
0.157286	1.19293									0.164462	0.81148
0.158033	1.184949									0.165209	0.812156
0.158781	1.177997									0.165957	0.812831
0.159529	1.171863									0.166704	0.813507
0.160276	1.165652									0.167452	0.814183
0.161024	1.159383									0.168199	0.814858
0.161771	1.153065									0.168947	0.815534
0.162519	1.147765									0.169695	0.816209
0.163266	1.142751									0.170442	0.816885
0.164014	1.137462									0.17119	0.817561
0.164761	1.133805									0.171937	0.818236
0.165509	1.130085									0.172685	0.818969
0.166257	1.126003									0.173432	0.819702
0.167004	1.121914									0.17418	0.820435
0.167752	1.118102									0.174927	0.821168
0.168499	1.114336									0.175675	0.821901
0.169247	1.110433									0.176423	0.822634
0.169994	1.107612									0.17717	0.823367
0.170742	1.103183									0.177918	0.8241
0.171489	1.099718									0.178665	0.824833
0.172237	1.096685									0.179413	0.825566
0.172984	1.093635									0.18016	0.826269
0.173732	1.090941									0.180908	0.826973
0.17448	1.088739									0.181655	0.827677
0.175227	1.086704									0.182403	0.828381
0.175975	1.084792									0.183151	0.829084
0.176722	1.083414									0.183898	0.829788
0.17747	1.082194									0.184646	0.830492
0.178217	1.081263									0.185393	0.831196
0.178965	1.079651									0.186141	0.8319
0.179712	1.079253									0.186888	0.832603
0.18046	1.077824									0.187636	0.83332
0.181208	1.076492									0.188383	0.834037
0.181955	1.075874									0.189131	0.834754
0.182703	1.07555									0.189879	0.835471
0.18345	1.075146									0.190626	0.836187
0.184198	1.074877									0.191374	0.836904
0.184945	1.074435									0.192121	0.837621
0.185693	1.073474									0.192869	0.838338
0.18644	1.073693									0.193616	0.839055
0.187188	1.073712									0.194364	0.839772
0.187936	1.073144									0.195111	0.840447
0.188683	1.072474									0.195859	0.841123
0.189431	1.071783									0.196607	0.841799
0.190178	1.071908									0.197354	0.842475
0.190926	1.07316									0.198102	0.843151
0.191673	1.073173									0.198849	0.843827
0.192421	1.073555									0.199597	0.844502
0.193168	1.075386									0.200344	0.845178
0.193916	1.07576									0.201092	0.845854
0.194664	1.075569									0.201839	0.84653
0.195411	1.076076									0.202587	0.847242
0.196159	1.076694									0.203334	0.847954
0.196906	1.0768									0.204082	0.848666
0.197654	1.077693									0.20483	0.849378
0.198401	1.077571									0.205577	0.85009
0.199149	1.079425									0.206325	0.850802
0.199896	1.079905									0.207072	0.851514
0.200644	1.080679									0.20782	0.852226
0.201392	1.081399									0.208567	0.852938
0.202139	1.081803									0.209315	0.85365
0.202887	1.082272									0.210062	0.854347
0.203634	1.082918									0.21081	0.855044
0.204382	1.083223									0.211558	0.855741
0.205129	1.08291									0.212305	0.856438
0.205877	1.082478									0.213053	0.857134
0.206624	1.081413									0.2138	0.857831
0.207372	1.080303									0.214548	0.858528
0.208119	1.079834									0.215295	0.859225
0.208867	1.07923									0.216043	0.859922
0.209615	1.078453									0.21679	0.860619
0.210362	1.07818									0.217538	0.861328
0.21111	1.077675									0.218286	0.862036
0.211857	1.076073									0.219033	0.862744
0.212605	1.075193									0.219781	0.863453
0.213352	1.075076									0.220528	0.864161
0.2141	1.074527									0.221276	0.86487
0.214847	1.074081									0.222023	0.865578
0.215595	1.071983									0.222771	0.866287
0.216343	1.069728									0.223518	0.866995
0.21709	1.068397									0.224266	0.867703
0.217838	1.067367									0.225014	0.868453
0.218585	1.065848									0.225761	0.869202
0.219333	1.063955									0.226509	0.869951
0.22008	1.06237									0.227256	0.8707
0.220828	1.06194									0.228004	0.87145
0.221575	1.059735									0.228751	0.872199
0.222323	1.058561									0.229499	0.872948
0.223071	1.056645									0.230246	0.873697
0.223818	1.054759									0.230994	0.874447
0.224566	1.05314									0.231742	0.875196
0.225313	1.051715									0.232489	0.875893
0.226061	1.050135									0.233237	0.876591
0.226808	1.047964									0.233984	0.877288
0.227556	1.045192									0.234732	0.877985
0.228303	1.042659									0.235479	0.878683
0.229051	1.04057									0.236227	0.87938
0.229799	1.038243									0.236974	0.880077
0.230546	1.035823									0.237722	0.880774
0.231294	1.033378									0.23847	0.881472
0.232041	1.030898									0.239217	0.882169
0.232789	1.028283									0.239965	0.882859
0.233536	1.025592									0.240712	0.883549
0.234284	1.022829									0.24146	0.884238
0.235031	1.019946									0.242207	0.884928
0.235779	1.017634									0.242955	0.885618
0.236527	1.015977									0.243702	0.886308
0.237274	1.014069									0.24445	0.886998
0.238022	1.01207									0.245197	0.887687
0.238769	1.010017									0.245945	0.888377
0.239517	1.008005									0.246693	0.889067
0.240264	1.005821									0.24744	0.889781
0.241012	1.002828									0.248188	0.890494
0.241759	1.000866									0.248935	0.891207
0.242507	0.997347									0.249683	0.891921
0.243254	0.993617									0.25043	0.892634
0.244002	0.991879									0.251178	0.893348
0.24475	0.990026									0.251925	0.894061
0.245497	0.987793									0.252673	0.894775
0.246245	0.985506									0.253421	0.895488
0.246992	0.983554									0.254168	0.896202
0.24774	0.981812									0.254916	0.896925
0.248487	0.978967									0.255663	0.897648
0.249235	0.976631									0.256411	0.89837
0.249982	0.974449									0.257158	0.899093
0.25073	0.972302									0.257906	0.899816
0.251478	0.969989									0.258653	0.900539
0.252225	0.967741									0.259401	0.901262
0.252973	0.965904									0.260149	0.901985
0.25372	0.964258									0.260896	0.902708
0.254468	0.962276									0.261644	0.903431
0.255215	0.959644									0.262391	0.904135
0.255963	0.95639									0.263139	0.904838
0.25671	0.953064									0.263886	0.905542
0.257458	0.951099									0.264634	0.906245
0.258206	0.949137									0.265381	0.906949
0.258953	0.946876									0.266129	0.907652
0.259701	0.944187									0.266877	0.908356
0.260448	0.942408									0.267624	0.909059
0.261196	0.940755									0.268372	0.909763
0.261943	0.938752									0.269119	0.910467
0.262691	0.936904									0.269867	0.911187
0.263438	0.934011									0.270614	0.911908
0.264186	0.931492									0.271362	0.912629
0.264934	0.930349										
0.265681	0.927675										
0.266429	0.925714										
0.267176	0.923207										
0.267924	0.920954										
0.268671	0.919565										
0.269419	0.918256										
0.270166	0.916169										
0.270914	0.914373										
0.271662	0.912629										
											
											
											
											
											
											
											
											
											
											
											
											
											
											
											
											
											
											
											
											
											
											
											
											
											
											
											
											
											
											
											
											
											
											
											
											
											
											
											
											
											
											
											
											
											
											
											
											
											
											
											
											
											
											
											
											
											
											
											
											
											
											
											
											
											
											
											
											
											
											
											
											
											
											
											
											
											
											
											
											
											
											
											
											
											
											
											
											
											
											
											
											
											
											
											
											
											
											
											
											
											
											
											
											
											
											
											
											
											
											
											
											
											
											
											
											
											
											
											
											
											
											
											
											
											
											
											
											
											
											
											
											
											
											
											
											
											
											
											
											
											
											
											
											
											
											
											
											
											
											
											
											
											
											
											
											
											
											
											
											
											
											
											
											
											
											
											
											
											
											
											
											
											
											
											
											
											
											
											
											
											
											
											
											
											
											
											
											
											
											
											
											
											
											
											
											
											
											
											
											
											
											
											
											
											
											
											
											
											
											
											
											
											
											
											
											
											
											
											
											
											
											
											
											
											
											
											
											
											
											
											
											
											
											
											
											
											
											
											
											
											
											
											
											
											
											
											
											
											
											
											
											
											
											
											
											
											
											
											
											
											
											
											
											
											
											
											
											
											
											
											
											
											
											
											
											
											
											
											
											
											
											
											
											
											
											
											
											
											
											
											
											
											
											
											
											
											
											
											
											
											
											
											
											
											
											
											
											
											
											
											
											
											
											
											
											
											
											
											
											
											
											
											
											
											
